# Created by Octave 4.2.1, Tue Apr 17 08:46:10 2018 CEST <mnchapel@mnchapel>
# name: X
# type: matrix
# rows: 19
# columns: 2
 14.375 7.35
 19.325 10.2
 21.725 11.7
 26.175 14.9
 27.075 16.4
 25.825 17.05
 24.425 13.65
 21.625 11.7
 18.425 12.05
 16.925 9.85
 15.175 7.85
 15.775 6.6
 19.975 8.85
 23.175 11
 21.825 13.45
 24.875 15.2
 26.675 13.05
 28.625 17.65
 12.425 4.2


